304
305
306
307
308
309
312
336
338
342
343
346
352
355
356
357
358
359
360
361
362
363
365
366
367
368
369
370
371
372
379
380
405
701
702
751
823
1117
7000
8013
8019
8020
8021
8022
8034
8049
8059
8060
8202
8203
8204
8205
8206
8208
8209
8210
8213
8218
8219
8220
8221
8234
8236
8238
8241
8263
8264
8265
8266
8285
8289
9650
9786
9787
9788
9789
9795
10226
10250
10262
10268
10540
10541
10628
10629
10630
10631
10632
10633
10634
10732
10733
10734
10736
10764
10765
10766
10767
10772
10773
10774
10775
10776
10777
10778
10779
10860
10861
10862
10864
10959
10960
15062
15383
15388
15389